Signal mining: 63 formulaic signals, 2016 trading days, 8 purged walk-forward folds (horizon=5, purge=5)
Deflated Sharpe benchmark SR0 (63 trials): 4.2806
Survivor rule (pre-specified): DSR > 0.95 AND mean out-of-sample IC > 0

signal                   mean_ic   sr_hat    skew    kurt  t_obs     dsr  survives
ey_level                 +0.0456   +7.573  -0.182   3.021    352  1.0000  YES
ey_smooth_20             +0.0455   +7.608  -0.154   2.955    352  1.0000  YES
ey_smooth_60             +0.0450   +7.546  -0.123   2.940    352  1.0000  YES
vwapdev_20               +0.0318   +3.944  -0.159   2.940    352  0.0187  no
decaymom_90              +0.0289   +3.878  -0.247   3.542    352  0.0131  no
decaymom_60              +0.0292   +3.837  -0.173   3.269    352  0.0043  no
vwapdev_90               +0.0273   +3.733  -0.227   3.870    352  0.0014  no
mom_20                   +0.0306   +3.793  -0.183   3.032    352  0.0012  no
range_20                 +0.0311   +3.811  +0.178   3.171    352  0.0011  no
decaymom_40              +0.0298   +3.809  -0.100   2.870    352  0.0010  no
range_10                 +0.0296   +3.627  +0.018   2.998    352  0.0000  no
range_40                 +0.0304   +3.594  +0.216   3.065    352  0.0000  no
vwapdev_40               +0.0271   +3.465  -0.270   3.418    352  0.0000  no
range_60                 +0.0304   +3.578  +0.223   3.012    352  0.0000  no
range_90                 +0.0304   +3.565  +0.194   2.971    352  0.0000  no
mom_90                   +0.0252   +3.385  -0.210   3.917    352  0.0000  no
argmaxclose_20           +0.0230   +3.531  -0.053   2.676    352  0.0000  no
vwapdev_60               +0.0241   +3.337  -0.242   3.446    352  0.0000  no
mom_40                   +0.0257   +3.301  -0.308   3.455    352  0.0000  no
decaymom_20              +0.0265   +3.390  -0.026   2.806    352  0.0000  no
range_5                  +0.0256   +3.221  +0.012   2.757    352  0.0000  no
mom_60                   +0.0219   +3.020  -0.311   3.530    352  0.0000  no
argmaxclose_90           +0.0195   +3.141  -0.163   2.868    352  0.0000  no
mom_120                  +0.0219   +2.940  -0.187   3.504    352  0.0000  no
argmaxclose_40           +0.0173   +2.928  +0.026   3.189    352  0.0000  no
argmaxclose_60           +0.0160   +2.719  -0.193   2.792    352  0.0000  no
vwapdev_10               +0.0227   +2.752  +0.057   2.766    352  0.0000  no
mom_10                   +0.0223   +2.690  +0.065   2.740    352  0.0000  no
lowvol_10                +0.0248   +2.261  +0.033   3.086    352  0.0000  no
lowvol_20                +0.0269   +2.189  +0.108   3.012    352  0.0000  no
revshort_8               +0.0149   +2.152  +0.073   3.081    352  0.0000  no
ey_delta_20              +0.0064   +1.154  -0.125   2.980    112  0.0000  no
argmaxclose_10           +0.0136   +2.042  +0.107   2.895    352  0.0000  no
decaymom_10              +0.0159   +2.026  +0.215   2.887    352  0.0000  no
lowvol_40                +0.0247   +1.796  +0.156   2.813    352  0.0000  no
lowvol_60                +0.0251   +1.780  +0.182   2.831    352  0.0000  no
volsurprise_5            +0.0100   +1.670  -0.102   2.625    352  0.0000  no
lowvol_90                +0.0253   +1.766  +0.223   2.858    352  0.0000  no
volsurprise_10           +0.0092   +1.536  -0.195   2.776    352  0.0000  no
volsurprise_20           +0.0091   +1.501  -0.128   2.866    352  0.0000  no
revshort_1               +0.0051   +0.786  -0.154   2.951    352  0.0000  no
revshort_2               +0.0015   +0.226  +0.222   2.675    352  0.0000  no
revshort_3               +0.0037   +0.561  +0.217   2.733    352  0.0000  no
revshort_5               +0.0105   +1.462  +0.085   2.908    352  0.0000  no
ey_delta_60              +0.0075   +1.272  -0.243   2.943    336  0.0000  no
ey_tsrank_60             +0.0055   +0.708  -0.079   2.818    333  0.0000  no
volsurprise_40           +0.0084   +1.363  -0.155   2.794    352  0.0000  no
volsurprise_60           +0.0087   +1.402  -0.113   2.723    352  0.0000  no
volsurprise_90           +0.0086   +1.380  -0.092   2.721    352  0.0000  no
quality_level            +0.0028   +0.457  -0.169   3.153    352  0.0000  no
quality_smooth_20        +0.0018   +0.293  -0.238   3.156    352  0.0000  no
quality_smooth_60        -0.0046   -0.764  +0.193   3.235    352  0.0000  no
quality_delta_20         -0.0019   -0.305  +0.028   2.871    352  0.0000  no
quality_delta_60         -0.0001   -0.012  -0.084   3.162    352  0.0000  no
quality_tsrank_60        -0.0024   -0.381  -0.055   3.047    352  0.0000  no
corr_vol_close_5         +0.0025   +0.409  +0.123   3.075    352  0.0000  no
corr_vol_close_10        +0.0069   +1.180  +0.166   2.979    352  0.0000  no
corr_vol_close_20        +0.0029   +0.493  +0.126   2.682    352  0.0000  no
corr_vol_close_40        -0.0000   -0.004  -0.011   2.747    352  0.0000  no
corr_vol_close_60        -0.0013   -0.230  -0.173   2.801    352  0.0000  no
corr_vol_close_90        -0.0016   -0.277  +0.034   2.897    352  0.0000  no
vwapdev_5                +0.0117   +1.513  +0.123   2.783    352  0.0000  no
decaymom_5               +0.0050   +0.667  +0.117   2.823    352  0.0000  no

SURVIVORS: 3 of 63 signals: ['ey_level', 'ey_smooth_20', 'ey_smooth_60']
elapsed: 226.2s

Capacity sweep (square-root market-impact cost model)
Survivor signals feeding the portfolio: 3: ['ey_level', 'ey_smooth_20', 'ey_smooth_60']
       gross_$  gross_sharpe  net_sharpe  cost_bps
     1,000,000         6.939       6.937      0.00
     5,000,000         6.939       6.935      0.00
    10,000,000         6.939       6.933      0.00
    25,000,000         6.939       6.929      0.01
    50,000,000         6.939       6.924      0.01
    75,000,000         6.939       6.921      0.01
   100,000,000         6.939       6.917      0.01
   125,000,000         6.939       6.914      0.02
   150,000,000         6.939       6.912      0.02
   180,000,000         6.939       6.909      0.02
   200,000,000         6.939       6.907      0.02
   250,000,000         6.939       6.902      0.02
   300,000,000         6.939       6.898      0.02
   400,000,000         6.939       6.890      0.03
   500,000,000         6.939       6.883      0.03
   750,000,000         6.939       6.866      0.04
 1,000,000,000         6.939       6.851      0.04
 1,500,000,000         6.939       6.823      0.05
 2,000,000,000         6.939       6.798      0.06

net Sharpe never crossed below 0.5 within the sweep range

Capacity sweep (square-root market-impact cost model)
Survivor signals feeding the portfolio: 3: ['ey_level', 'ey_smooth_20', 'ey_smooth_60']
       gross_$  gross_sharpe  net_sharpe  cost_bps
     1,000,000         6.939       6.937      0.00
     5,000,000         6.939       6.935      0.00
    10,000,000         6.939       6.933      0.00
    25,000,000         6.939       6.929      0.01
    50,000,000         6.939       6.924      0.01
    75,000,000         6.939       6.921      0.01
   100,000,000         6.939       6.917      0.01
   125,000,000         6.939       6.914      0.02
   150,000,000         6.939       6.912      0.02
   180,000,000         6.939       6.909      0.02
   200,000,000         6.939       6.907      0.02
   250,000,000         6.939       6.902      0.02
   300,000,000         6.939       6.898      0.02
   400,000,000         6.939       6.890      0.03
   500,000,000         6.939       6.883      0.03
   750,000,000         6.939       6.866      0.04
 1,000,000,000         6.939       6.851      0.04
 1,500,000,000         6.939       6.823      0.05
 2,000,000,000         6.939       6.798      0.06
 3,000,000,000         6.939       6.751      0.07
 5,000,000,000         6.939       6.667      0.10
 7,500,000,000         6.939       6.571      0.12
10,000,000,000         6.939       6.482      0.14
15,000,000,000         6.939       6.319      0.17
20,000,000,000         6.939       6.169      0.19
30,000,000,000         6.939       5.901      0.24
50,000,000,000         6.939       5.452      0.31
75,000,000,000         6.939       5.003      0.37
100,000,000,000         6.939       4.639      0.43

net Sharpe never crossed below 0.5 within the sweep range
